{
  "nbformat": 4,
  "nbformat_minor": 0,
  "metadata": {
    "colab": {
      "provenance": [],
      "authorship_tag": "ABX9TyO0TtcGRyDxA6Fqx88NkPCb",
      "include_colab_link": true
    },
    "kernelspec": {
      "name": "python3",
      "display_name": "Python 3"
    },
    "language_info": {
      "name": "python"
    }
  },
  "cells": [
    {
      "cell_type": "markdown",
      "metadata": {
        "id": "view-in-github",
        "colab_type": "text"
      },
      "source": [
        "<a href=\"https://colab.research.google.com/github/DanielaJim07/Simulaci-n-I/blob/main/120625.ipynb\" target=\"_parent\"><img src=\"https://colab.research.google.com/assets/colab-badge.svg\" alt=\"Open In Colab\"/></a>"
      ]
    },
    {
      "cell_type": "code",
      "execution_count": 9,
      "metadata": {
        "colab": {
          "base_uri": "https://localhost:8080/"
        },
        "id": "JFJ956Nw6alS",
        "outputId": "12bca2fc-7d43-4db3-c195-5b7e6d2d98e4"
      },
      "outputs": [
        {
          "output_type": "stream",
          "name": "stdout",
          "text": [
            "Probabilidad de estar en 0 después de 10 lanzamientos: 0.3548\n",
            "Probabilidad de estar en 1 después de 10 lanzamientos: 0.3548\n",
            "Probabilidad de estar en 2 después de 10 lanzamientos: 0.3548\n",
            "Probabilidad de estar en 3 después de 10 lanzamientos: 0.3547\n",
            "Probabilidad de estar en 4 después de 10 lanzamientos: 0.3548\n"
          ]
        }
      ],
      "source": [
        "import numpy as np\n",
        "\n",
        "# Definimos la matriz de transición A\n",
        "A = np.array([\n",
        "    [0.3, 0.5, 0.2, 0, 0],\n",
        "    [8/20, 7/20, 0, 1/20,  4/20],\n",
        "    [1/5, 1/5,1/5,1/5,1/5],\n",
        "    [1/3,0, 2/3,  0, 0],\n",
        "    [1/2,0, 0,  0, 1/2]\n",
        "])\n",
        "\n",
        "# Estado inicial:\n",
        "# Vector: [0,1,2,3,4]\n",
        "X0 = np.array([1, 0, 0, 0, 0])  # 100% en naranja\n",
        "\n",
        "# Número de pasos (lanzamientos)\n",
        "n = 10\n",
        "\n",
        "# Evolucionamos la cadena de Markov\n",
        "Xn = np.linalg.matrix_power(A, n) @ X0\n",
        "\n",
        "# Mostramos el resultado\n",
        "etiquetas = ['0', '1', '2', '3', '4']\n",
        "for i, p in enumerate(Xn):\n",
        "    print(f\"Probabilidad de estar en {etiquetas[i]} después de {n} lanzamientos: {p:.4f}\")"
      ]
    },
    {
      "cell_type": "code",
      "source": [
        "# Utilizamos el valor esperado: E[pacientes] = sum(i * P(i))\n",
        "promedio_pacientes = np.sum(np.arange(5) * Xn)\n",
        "\n",
        "print(f\"\\nNúmero promedio de pacientes en el consultorio después de {n} lanzamientos: {promedio_pacientes:.4f}\")"
      ],
      "metadata": {
        "colab": {
          "base_uri": "https://localhost:8080/"
        },
        "id": "FMUUHAD-9-jA",
        "outputId": "4faf4a4a-33ce-47ee-c9f9-19bd5c594f73"
      },
      "execution_count": 10,
      "outputs": [
        {
          "output_type": "stream",
          "name": "stdout",
          "text": [
            "\n",
            "Número promedio de pacientes en el consultorio después de 10 lanzamientos: 3.5476\n"
          ]
        }
      ]
    },
    {
      "cell_type": "code",
      "source": [
        "import numpy as np\n",
        "\n",
        "# Definimos la matriz de transición A\n",
        "A = np.array([\n",
        "    [0.3, 0.5, 0.2, 0, 0],\n",
        "    [8/20, 7/20, 0, 1/20,  4/20],\n",
        "    [1/5, 1/5, 1/5, 1/5, 1/5],\n",
        "    [1/3, 0, 2/3, 0, 0],\n",
        "    [1/2, 0, 0, 0, 1/2]\n",
        "])\n",
        "\n",
        "# Estado inicial:\n",
        "X0 = np.array([1, 0, 0, 0, 0])  # 100% en el estado 0 (consultorio vacío)\n",
        "\n",
        "# Número de pasos (lanzamientos)\n",
        "n = 10\n",
        "\n",
        "# Inicializamos el estado\n",
        "Xn = X0\n",
        "\n",
        "# Mostramos la probabilidad de estar en cada estado después de 0 pasos (estado inicial)\n",
        "print(f\"Estado inicial (0 lanzamientos): {Xn}\")\n",
        "print()\n",
        "\n",
        "# Evolucionamos la cadena de Markov paso por paso\n",
        "for k in range(1, n + 1):\n",
        "    # Calculamos A^k\n",
        "    A_k = np.linalg.matrix_power(A, k)\n",
        "\n",
        "    # Evolucionamos el estado\n",
        "    Xn = A_k @ X0\n",
        "\n",
        "    # Imprimimos la matriz de transición A^k\n",
        "    print(f\"Matriz de transición A^{k}:\")\n",
        "    print(A_k)\n",
        "    print()\n",
        "\n",
        "    # Imprimimos las probabilidades de estar en cada estado después de k pasos\n",
        "    etiquetas = ['0', '1', '2', '3', '4']\n",
        "    print(f\"Probabilidades de estar en cada estado después de {k} lanzamientos:\")\n",
        "    for i, p in enumerate(Xn):\n",
        "        print(f\"  Estado {etiquetas[i]}: {p:.4f}\")\n",
        "    print()\n",
        "\n",
        "# Calcular el número promedio de pacientes en el consultorio (valor esperado)\n",
        "promedio_pacientes = np.sum(np.arange(5) * Xn)\n",
        "print(f\"Promedio de pacientes en el consultorio después de {n} lanzamientos: {promedio_pacientes:.4f}\")\n"
      ],
      "metadata": {
        "colab": {
          "base_uri": "https://localhost:8080/"
        },
        "id": "j_G9IzKK-thd",
        "outputId": "f7e492a7-6ba4-4fbc-ffe1-85a182e27380"
      },
      "execution_count": 12,
      "outputs": [
        {
          "output_type": "stream",
          "name": "stdout",
          "text": [
            "Estado inicial (0 lanzamientos): [1 0 0 0 0]\n",
            "\n",
            "Matriz de transición A^1:\n",
            "[[0.3        0.5        0.2        0.         0.        ]\n",
            " [0.4        0.35       0.         0.05       0.2       ]\n",
            " [0.2        0.2        0.2        0.2        0.2       ]\n",
            " [0.33333333 0.         0.66666667 0.         0.        ]\n",
            " [0.5        0.         0.         0.         0.5       ]]\n",
            "\n",
            "Probabilidades de estar en cada estado después de 1 lanzamientos:\n",
            "  Estado 0: 0.3000\n",
            "  Estado 1: 0.4000\n",
            "  Estado 2: 0.2000\n",
            "  Estado 3: 0.3333\n",
            "  Estado 4: 0.5000\n",
            "\n",
            "Matriz de transición A^2:\n",
            "[[0.33       0.365      0.1        0.065      0.14      ]\n",
            " [0.37666667 0.3225     0.11333333 0.0175     0.17      ]\n",
            " [0.34666667 0.21       0.21333333 0.05       0.18      ]\n",
            " [0.23333333 0.3        0.2        0.13333333 0.13333333]\n",
            " [0.4        0.25       0.1        0.         0.25      ]]\n",
            "\n",
            "Probabilidades de estar en cada estado después de 2 lanzamientos:\n",
            "  Estado 0: 0.3300\n",
            "  Estado 1: 0.3767\n",
            "  Estado 2: 0.3467\n",
            "  Estado 3: 0.2333\n",
            "  Estado 4: 0.4000\n",
            "\n",
            "Matriz de transición A^3:\n",
            "[[0.35666667 0.31275    0.12933333 0.03825    0.163     ]\n",
            " [0.3555     0.323875   0.10966667 0.03879167 0.17216667]\n",
            " [0.33733333 0.2895     0.14533333 0.05316667 0.17466667]\n",
            " [0.34111111 0.26166667 0.17555556 0.055      0.16666667]\n",
            " [0.365      0.3075     0.1        0.0325     0.195     ]]\n",
            "\n",
            "Probabilidades de estar en cada estado después de 3 lanzamientos:\n",
            "  Estado 0: 0.3567\n",
            "  Estado 1: 0.3555\n",
            "  Estado 2: 0.3373\n",
            "  Estado 3: 0.3411\n",
            "  Estado 4: 0.3650\n",
            "\n",
            "Matriz de transición A^4:\n",
            "[[0.35221667 0.3136625  0.1227     0.04150417 0.16991667]\n",
            " [0.35714722 0.31303958 0.11889444 0.03812708 0.17279167]\n",
            " [0.35112222 0.29905833 0.13197778 0.04354167 0.1743    ]\n",
            " [0.34377778 0.29725    0.14       0.04819444 0.17077778]\n",
            " [0.36083333 0.310125   0.11466667 0.035375   0.179     ]]\n",
            "\n",
            "Probabilidades de estar en cada estado después de 4 lanzamientos:\n",
            "  Estado 0: 0.3522\n",
            "  Estado 1: 0.3571\n",
            "  Estado 2: 0.3511\n",
            "  Estado 3: 0.3438\n",
            "  Estado 4: 0.3608\n",
            "\n",
            "Matriz de transición A^5:\n",
            "[[0.35446306 0.31043021 0.12265278 0.04022312 0.17223083]\n",
            " [0.35524375 0.31191635 0.12062639 0.03943087 0.17278264]\n",
            " [0.35301944 0.30662708 0.12564778 0.04134847 0.17335722]\n",
            " [0.35148704 0.30392639 0.12888519 0.0428625  0.17283889]\n",
            " [0.356525   0.31189375 0.11868333 0.03843958 0.17445833]]\n",
            "\n",
            "Probabilidades de estar en cada estado después de 5 lanzamientos:\n",
            "  Estado 0: 0.3545\n",
            "  Estado 1: 0.3552\n",
            "  Estado 2: 0.3530\n",
            "  Estado 3: 0.3515\n",
            "  Estado 4: 0.3565\n",
            "\n",
            "Matriz de transición A^6:\n",
            "[[0.35456468 0.31041266 0.12223858 0.04005207 0.17273201]\n",
            " [0.35499989 0.31091788 0.12146127 0.0397211  0.17289987]\n",
            " [0.35414766 0.30895876 0.12329909 0.04046091 0.17313358]\n",
            " [0.35350065 0.30789479 0.12464944 0.04097336 0.17298176]\n",
            " [0.35549403 0.31116198 0.12066806 0.03933135 0.17334458]]\n",
            "\n",
            "Probabilidades de estar en cada estado después de 6 lanzamientos:\n",
            "  Estado 0: 0.3546\n",
            "  Estado 1: 0.3550\n",
            "  Estado 2: 0.3541\n",
            "  Estado 3: 0.3535\n",
            "  Estado 4: 0.3555\n",
            "\n",
            "Matriz de transición A^7:\n",
            "[[0.35469888 0.31037449 0.12206203 0.03996835 0.17289625]\n",
            " [0.35484967 0.31061345 0.12177296 0.03983815 0.17292576]\n",
            " [0.35454138 0.30986921 0.12246329 0.04010776 0.17301836]\n",
            " [0.35428667 0.30944339 0.12294559 0.04032463 0.17299973]\n",
            " [0.35502935 0.31078732 0.12145332 0.03969171 0.1730383 ]]\n",
            "\n",
            "Probabilidades de estar en cada estado después de 7 lanzamientos:\n",
            "  Estado 0: 0.3547\n",
            "  Estado 1: 0.3548\n",
            "  Estado 2: 0.3545\n",
            "  Estado 3: 0.3543\n",
            "  Estado 4: 0.3550\n",
            "\n",
            "Matriz de transición A^8:\n",
            "[[0.35474277 0.31039292 0.12199775 0.03993113 0.17293543]\n",
            " [0.35479714 0.31049414 0.12188329 0.03988527 0.17294017]\n",
            " [0.35468119 0.31021757 0.12213944 0.03998612 0.17297568]\n",
            " [0.35459388 0.31003764 0.12232954 0.04006129 0.17297766]\n",
            " [0.35486412 0.3105809  0.12175767 0.03983003 0.17296728]]\n",
            "\n",
            "Probabilidades de estar en cada estado después de 8 lanzamientos:\n",
            "  Estado 0: 0.3547\n",
            "  Estado 1: 0.3548\n",
            "  Estado 2: 0.3547\n",
            "  Estado 3: 0.3546\n",
            "  Estado 4: 0.3549\n",
            "\n",
            "Matriz de transición A^9:\n",
            "[[0.35475764 0.31040846 0.12196886 0.0399192  0.17294585]\n",
            " [0.35477863 0.31044818 0.12192626 0.03990137 0.17294557]\n",
            " [0.35473582 0.31034463 0.12202154 0.03993877 0.17295924]\n",
            " [0.35470172 0.31027602 0.12209221 0.03996779 0.17296226]\n",
            " [0.35480345 0.31048691 0.12187771 0.03988058 0.17295135]]\n",
            "\n",
            "Probabilidades de estar en cada estado después de 9 lanzamientos:\n",
            "  Estado 0: 0.3548\n",
            "  Estado 1: 0.3548\n",
            "  Estado 2: 0.3547\n",
            "  Estado 3: 0.3547\n",
            "  Estado 4: 0.3548\n",
            "\n",
            "Matriz de transición A^10:\n",
            "[[0.35476377 0.31041555 0.1219581  0.03991419 0.17294839]\n",
            " [0.35477135 0.31043143 0.12194189 0.03990766 0.17294767]\n",
            " [0.35475545 0.31039284 0.12197732 0.03992154 0.17295286]\n",
            " [0.35474309 0.31036591 0.12200398 0.03993224 0.17295478]\n",
            " [0.35478054 0.31044768 0.12192328 0.03989989 0.1729486 ]]\n",
            "\n",
            "Probabilidades de estar en cada estado después de 10 lanzamientos:\n",
            "  Estado 0: 0.3548\n",
            "  Estado 1: 0.3548\n",
            "  Estado 2: 0.3548\n",
            "  Estado 3: 0.3547\n",
            "  Estado 4: 0.3548\n",
            "\n",
            "Promedio de pacientes en el consultorio después de 10 lanzamientos: 3.5476\n"
          ]
        }
      ]
    }
  ]
}